Time	yunshu-daemon	CPU(%)	yunshu-updater	CPU(%)	yunshu-cross	CPU(%)	screenshot_serv	CPU(%)
15:58		1.1		2.9	1.8		0.1
15:58		1.1		2.9	1.8		0.1
15:58		1.1		2.9	1.8		0.1
15:58		1.1		2.9	1.8		0.1
15:58		1.1		2.9	1.8		0.1
15:58		1.1		2.9	1.8		0.1
15:58		1.1		2.9	1.8		0.1
15:58		1.1		2.9	1.8		0.1
15:58		1.1		2.9	1.8		0.1
15:58		1.1		2.9	1.8		0.1
15:58		1.1		2.9	1.8		0.1
15:58		1.1		2.9	1.8		0.1
15:58		1.1		2.9	1.8		0.1
15:58		1.1		2.9	1.8		0.1
15:58		1.1		2.9	1.8		0.1
15:58		1.1		2.9	1.8		0.1
15:58		1.1		2.9	1.8		0.1
15:58		1.1		2.9	1.8		0.1
15:59		1.1		2.9	1.8		0.1
15:59		1.1		2.9	1.8		0.1
15:59		1.1		2.9	1.8		0.1
15:59		1.1		2.9	1.8		0.1
15:59		1.1		2.9	1.8		0.1
15:59		1.1		2.9	1.8		0.1
15:59		1.1		2.9	1.8		0.1
15:59		1.1		2.9	1.8		0.1
15:59		1.1		2.9	1.8		0.1
15:59		1.1		2.9	1.8		0.1
15:59		1.1		2.9	1.8		0.1
15:59		1.1		2.9	1.8		0.1
15:59		1.1		2.9	1.8		0.1
15:59		1.1		2.9	1.8		0.1
15:59		1.1		2.9	1.8		0.1
15:59		1.1		2.9	1.8		0.1
15:59		1.1		2.9	1.8		0.1
15:59		1.1		2.9	1.8		0.1
15:59		1.1		2.9	1.8		0.1
15:59		1.1		2.9	1.8		0.1
15:59		1.1		2.9	1.8		0.1
15:59		1.1		2.9	1.8		0.1
15:59		1.1		2.9	1.8		0.1
15:59		1.1		2.9	1.8		0.1
15:59		1.1		2.9	1.8		0.1
15:59		1.1		2.9	1.8		0.1
15:59		1.1		2.9	1.8		0.1
15:59		1.1		2.9	1.8		0.1
16:00		1.1		2.9	1.8		0.1
16:00		1.1		2.9	1.8		0.1
16:00		1.1		2.9	1.8		0.1
16:00		1.1		2.9	1.8		0.1
16:00		1.1		2.9	1.8		0.1
16:00		1.1		2.9	1.8		0.1
16:00		1.1		2.9	1.8		0.1
16:00		1.1		2.9	1.8		0.1
16:00		1.1		2.9	1.8		0.1
16:00		1.1		2.9	1.8		0.1
16:00		1.1		2.9	1.8		0.1
16:00		1.1		2.9	1.8		0.1
16:00		1.1		2.9	1.8		0.1
16:00		1.1		2.9	1.8		0.1
16:00		1.1		2.9	1.8		0.1
16:00		1.1		2.9	1.8		0.1
16:00		1.1		2.9	1.8		0.1
16:00		1.1		2.9	1.8		0.1
16:00		1.1		2.9	1.8		0.1
16:00		1.1		2.9	1.8		0.1
16:00		1.1		2.9	1.8		0.1
16:00		1.1		2.9	1.8		0.1
16:00		1.1		2.9	1.8		0.1
16:00		1.1		2.9	1.8		0.1
16:00		1.1		2.9	1.8		0.1
16:00		1.1		2.9	1.8		0.1
16:00		1.1		2.9	1.8		0.1
16:00		1.1		2.9	1.8		0.1
16:00		1.1		2.9	1.8		0.1
16:01		1.1		2.9	1.8		0.1
16:01		1.1		2.9	1.8		0.1
16:01		1.1		2.9	1.8		0.1
16:01		1.1		2.9	1.8		0.1
16:01		1.1		2.9	1.8		0.1
16:01		1.1		2.9	1.8		0.1
16:01		1.1		2.9	1.8		0.1
16:01		1.1		2.9	1.8		0.1
16:01		1.1		2.9	1.8		0.1
16:01		1.1		2.9	1.8		0.1
16:01		1.1		2.8	1.8		0.1
16:01		1.1		2.8	1.8		0.1
16:01		1.1		2.8	1.8		0.1
16:01		1.1		2.8	1.8		0.1
16:01		1.1		2.8	1.8		0.1
16:01		1.1		2.8	1.8		0.1
16:01		1.1		2.8	1.8		0.1
16:01		1.1		2.8	1.8		0.1
16:01		1.1		2.8	1.8		0.1
16:01		1.1		2.8	1.8		0.1
16:01		1.1		2.8	1.8		0.1
16:01		1.1		2.8	1.8		0.1
16:01		1.1		2.8	1.8		0.1
16:01		1.1		2.8	1.8		0.1
16:01		1.1		2.8	1.8		0.1
16:01		1.1		2.8	1.8		0.1
16:01		1.1		2.8	1.8		0.1
16:01		1.1		2.8	1.8		0.1
16:02		1.1		2.8	1.8		0.1
16:02		1.1		2.8	1.8		0.1
16:02		1.1		2.8	1.8		0.1
16:02		1.1		2.8	1.8		0.1
16:02		1.1		2.8	1.8		0.1
16:02		1.1		2.8	1.8		0.1
16:02		1.1		2.8	1.8		0.1
16:02		1.1		2.8	1.8		0.1
16:02		1.1		2.8	1.8		0.1
16:02		1.1		2.8	1.8		0.1
16:02		1.1		2.8	1.8		0.1
16:02		1.1		2.8	1.8		0.1
16:02		1.1		2.8	1.8		0.1
16:02		1.1		2.8	1.8		0.1
16:02		1.1		2.8	1.8		0.1
16:02		1.1		2.8	1.8		0.1
16:02		1.1		2.8	1.8		0.1
16:02		1.1		2.8	1.8		0.1
16:02		1.1		2.8	1.8		0.1
16:02		1.1		2.8	1.8		0.1
16:02		1.1		2.8	1.8		0.1
16:02		1.1		2.8	1.8		0.1
16:02		1.1		2.8	1.8		0.1
16:02		1.1		2.8	1.8		0.1
16:02		1.1		2.8	1.8		0.1
16:02		1.1		2.8	1.8		0.1
16:02		1.1		2.8	1.8		0.1
16:02		1.1		2.8	1.8		0.1
16:02		1.1		2.8	1.8		0.1
16:03		1.1		2.8	1.8		0.1
16:03		1.1		2.8	1.8		0.1
16:03		1.1		2.8	1.8		0.1
16:03		1.1		2.8	1.8		0.1
16:03		1.1		2.8	1.8		0.1
16:03		1.1		2.8	1.8		0.1
16:03		1.1		2.8	1.8		0.1
16:03		1.1		2.8	1.8		0.1
16:03		1.1		2.8	1.8		0.1
16:03		1.1		2.8	1.8		0.1
16:03		1.1		2.8	1.8		0.1
16:03		1.1		2.8	1.8		0.1
16:03		1.1		2.8	1.8		0.1
16:03		1.1		2.8	1.8		0.1
16:03		1.1		2.8	1.8		0.1
16:03		1.1		2.8	1.8		0.1
16:03		1.1		2.8	1.8		0.1
16:03		1.1		2.8	1.8		0.1
16:03		1.1		2.8	1.8		0.1
16:03		1.1		2.8	1.8		0.1
16:03		1.1		2.8	1.8		0.1
16:03		1.1		2.8	1.8		0.1
16:03		1.1		2.8	1.8		0.1
16:03		1.1		2.8	1.8		0.1
16:03		1.1		2.8	1.8		0.1
16:03		1.1		2.8	1.8		0.1
16:03		1.1		2.8	1.8		0.1
16:03		1.1		2.8	1.8		0.1
16:04		1.1		2.8	1.8		0.1
16:04		1.1		2.8	1.8		0.1
16:04		1.1		2.8	1.8		0.1
16:04		1.1		2.8	1.8		0.1
16:04		1.1		2.8	1.8		0.1
16:04		1.1		2.8	1.8		0.1
16:04		1.1		2.8	1.8		0.1
16:04		1.1		2.8	1.8		0.1
16:04		1.1		2.8	1.8		0.1
16:04		1.1		2.8	1.8		0.1
16:04		1.1		2.8	1.8		0.1
16:04		1.1		2.8	1.8		0.1
16:04		1.1		2.8	1.8		0.1
16:04		1.1		2.8	1.8		0.1
16:04		1.1		2.8	1.8		0.1
16:04		1.1		2.8	1.8		0.1
16:04		1.1		2.8	1.8		0.1
16:04		1.1		2.8	1.8		0.1
16:04		1.1		2.8	1.8		0.1
16:04		1.1		2.8	1.8		0.1
16:04		1.1		2.8	1.8		0.1
16:04		1.1		2.8	1.8		0.1
16:04		1.1		2.8	1.8		0.1
16:04		1.1		2.8	1.8		0.1
16:04		1.1		2.8	1.8		0.1
16:04		1.1		2.8	1.8		0.1
16:04		1.1		2.8	1.8		0.1
16:04		1.1		2.8	1.8		0.1
16:04		1.1		2.8	1.8		0.1
16:05		1.1		2.8	1.8		0.1
16:05		1.1		2.8	1.8		0.1
16:05		1.1		2.8	1.8		0.1
16:05		1.1		2.8	1.8		0.1
16:05		1.1		2.8	1.8		0.1
16:05		1.1		2.8	1.8		0.1
16:05		1.1		2.8	1.8		0.1
16:05		1.1		2.8	1.8		0.1
16:05		1.1		2.8	1.8		0.1
16:05		1.1		2.8	1.8		0.1
16:05		1.1		2.8	1.8		0.1
16:05		1.1		2.8	1.8		0.1
16:05		1.1		2.8	1.8		0.1
16:05		1.1		2.8	1.8		0.1
16:05		1.1		2.8	1.8		0.1
16:05		1.1		2.8	1.8		0.1
16:05		1.1		2.8	1.8		0.1
16:05		1.1		2.8	1.8		0.1
16:05		1.1		2.8	1.8		0.1
16:05		1.1		2.8	1.8		0.1
16:05		1.1		2.8	1.8		0.1
16:05		1.1		2.8	1.8		0.1
16:05		1.1		2.8	1.8		0.1
16:05		1.1		2.8	1.8		0.1
16:05		1.1		2.8	1.8		0.1
16:05		1.1		2.8	1.8		0.1
16:05		1.1		2.8	1.8		0.1
16:05		1.1		2.8	1.8		0.1
16:06		1.1		2.8	1.8		0.1
16:06		1.1		2.8	1.8		0.1
16:06		1.1		2.8	1.8		0.1
16:06		1.1		2.8	1.8		0.1
16:06		1.1		2.8	1.8		0.1
16:06		1.1		2.8	1.8		0.1
16:06		1.1		2.8	1.8		0.1
16:06		1.1		2.8	1.8		0.1
16:06		1.1		2.8	1.8		0.1
16:06		1.1		2.8	1.8		0.1
16:06		1.1		2.8	1.8		0.1
16:06		1.1		2.8	1.8		0.1
16:06		1.1		2.8	1.8		0.1
16:06		1.1		2.8	1.8		0.1
16:06		1.1		2.8	1.8		0.1
16:06		1.1		2.8	1.8		0.1
16:06		1.1		2.8	1.8		0.1
16:06		1.1		2.8	1.8		0.1
16:06		1.1		2.8	1.8		0.1
16:06		1.1		2.8	1.8		0.1
16:06		1.1		2.8	1.8		0.1
16:06		1.1		2.8	1.8		0.1
16:06		1.1		2.8	1.8		0.1
16:06		1.1		2.8	1.8		0.1
16:06		1.1		2.8	1.8		0.1
16:06		1.1		2.8	1.8		0.1
16:06		1.1		2.8	1.8		0.1
16:06		1.1		2.8	1.8		0.1
16:06		1.1		2.8	1.8		0.1
16:07		1.1		2.8	1.8		0.1
16:07		1.1		2.8	1.8		0.1
16:07		1.1		2.8	1.8		0.1
16:07		1.1		2.8	1.8		0.1
16:07		1.1		2.8	1.8		0.1
16:07		1.1		2.8	1.8		0.1
16:07		1.1		2.8	1.8		0.1
16:07		1.1		2.8	1.8		0.1
16:07		1.1		2.8	1.8		0.1
16:07		1.1		2.8	1.8		0.1
16:07		1.1		2.8	1.8		0.1
16:07		1.1		2.8	1.8		0.1
16:07		1.1		2.8	1.8		0.1
16:07		1.1		2.8	1.8		0.1
16:07		1.1		2.8	1.8		0.1
16:07		1.1		2.8	1.8		0.1
16:07		1.1		2.8	1.8		0.1
16:07		1.1		2.8	1.8		0.1
16:07		1.1		2.8	1.8		0.1
16:07		1.1		2.8	1.8		0.1
16:07		1.1		2.8	1.8		0.1
16:07		1.1		2.8	1.8		0.1
16:07		1.1		2.8	1.8		0.1
16:07		1.1		2.8	1.8		0.1
16:07		1.1		2.8	1.8		0.1
16:07		1.1		2.8	1.8		0.1
16:07		1.1		2.8	1.8		0.1
16:07		1.1		2.8	1.8		0.1
16:08		1.1		2.8	1.8		0.1
16:08		1.1		2.8	1.8		0.1
16:08		1.1		2.8	1.8		0.1
16:08		1.1		2.8	1.8		0.1
16:08		1.1		2.8	1.8		0.1
16:08		1.1		2.8	1.8		0.1
16:08		1.1		2.8	1.8		0.1
16:08		1.1		2.8	1.8		0.1
16:08		1.1		2.8	1.8		0.1
16:08		1.1		2.8	1.8		0.1
16:08		1.1		2.8	1.8		0.1
16:08		1.1		2.8	1.8		0.1
16:08		1.1		2.8	1.8		0.1
16:08		1.1		2.8	1.8		0.1
16:08		1.1		2.8	1.8		0.1
16:08		1.1		2.8	1.8		0.1
16:08		1.1		2.8	1.8		0.1
16:08		1.1		2.8	1.8		0.1
16:08		1.1		2.8	1.8		0.1
16:08		1.1		2.8	1.8		0.1
16:08		1.1		2.8	1.8		0.1
16:08		1.1		2.7	1.8		0.1
16:08		1.1		2.7	1.8		0.1
16:08		1.1		2.7	1.8		0.1
16:08		1.1		2.7	1.8		0.1
16:08		1.1		2.7	1.8		0.1
16:08		1.1		2.7	1.8		0.1
16:08		1.1		2.7	1.8		0.1
16:08		1.1		2.7	1.8		0.1
16:09		1.1		2.7	1.8		0.1
16:09		1.1		2.7	1.8		0.1
16:09		1.1		2.7	1.8		0.1
16:09		1.1		2.7	1.8		0.1
16:09		1.1		2.7	1.8		0.1
16:09		1.1		2.7	1.8		0.1
16:09		1.1		2.7	1.8		0.1
16:09		1.1		2.7	1.8		0.1
16:09		1.1		2.7	1.8		0.1
16:09		1.1		2.7	1.8		0.1
16:09		1.1		2.7	1.8		0.1
16:09		1.1		2.7	1.8		0.1
16:09		1.1		2.7	1.8		0.1
16:09		1.1		2.7	1.8		0.1
16:09		1.1		2.7	1.8		0.1
16:09		1.1		2.7	1.8		0.1
16:09		1.1		2.7	1.8		0.1
16:09		1.1		2.7	1.8		0.1
16:09		1.1		2.7	1.8		0.1
16:09		1.1		2.7	1.8		0.1
16:09		1.1		2.7	1.8		0.1
16:09		1.1		2.7	1.8		0.1
16:09		1.1		2.7	1.8		0.1
16:09		1.1		2.7	1.8		0.1
16:09		1.1		2.7	1.8		0.1
16:09		1.1		2.7	1.8		0.1
16:09		1.1		2.7	1.8		0.1
16:09		1.1		2.7	1.8		0.1
16:10		1.1		2.7	1.8		0.1
16:10		1.1		2.7	1.8		0.1
16:10		1.1		2.7	1.8		0.1
